231081
655498
637045
631380
236907
677168
248510
678684
242693
651001
654868
909990
211625
202844
678282
670024
652763
678691
448886
353972
625975
570870
209500
639124
419920
642329
424530
210413
238703
209582
462150
202873
678673
678134
547486
561574
336621
467117
466738
235847
666857
911080
424415
654576
655450
621722
670574
662736
582445
678521
678585
442174
480934
235713
632556
449830
598256
208404
654994
486352
450282
208741
248163
242996
520151
662688
584236
656730
405449
450994
641337
462134
669713
639212
587118
446383
502225
535006
230756
210006
519965
539394
678503
203366
449856
621706
678628
485504
236031
588465
579756
677179
208785
446996
246626
462141
672990
202091
480945
447205
656752
209810
658934
202905
619607
650525
654949
636534
620626
602523
670529
660495
500614
665674
451878
203540
662695
211669
668273
573714
322605
201368
678488
209566
201357
466635
216549
580144
403049
216213
369635
669892
521927
446277
678141
447221
423346
670884
628868
235946
654646
407447
586102
498761
533530
678530
507600
671304
633023
238172
452556
462503
588438
656334
677319
238323
231319
246574
241898
522405
670512
639755
480022
672712
244064
662729
206415
439102
238688
466767
504377
450318
552793
662677
670590
228763
419241
209847
466651
404651
618538
466668
246778
245584
385666
587004
672875
310021
653799
446206
638985
476909
587015
516223
905050
670486
632095
479881
678592
677601
466299
621050
553976
632389
678097
665700
911043
670545
536908
633865
